,0,1,2,3,4,5
0,3,-1.3344987529077035,0.8601415703539175,1,-0.22431885049728106,-1.7717000744057383
1,3,-1.5905188596554607,0.5053711709577011,1,-0.6627815760637585,-1.7546642012149685
2,3,-2.022570973074285,0.2116923914733948,1,-0.19621534496989046,-1.5666794268246689
3,3,-2.2913445504432177,0.20524729701418787,1,-0.2521763789399525,-1.5729080672400588
4,3,-2.514413887626116,0.10213918763906626,1,0.22534861758796065,-1.3281921955582774
5,3,-2.5367983850927285,-0.10900429089171526,1,0.09375939933340538,-1.7589596906438179
6,3,-2.8151878894467455,-0.46425396628314,1,0.19671847438098644,-2.1437176691347175
7,2,-2.8460587622203484,-0.6291614142508215,1,-0.2832076432272066,-2.4593555891307153
8,2,-2.89618688738008,-1.0042000061298524,1,-0.4348250262950686,-2.6553506299416165
9,2,-3.2325694824418987,-1.42753631213461,1,-0.48859554581090725,-2.5726395105711886
10,2,-3.1436864092169268,-1.4036536230799364,1,0.05776498796841789,-2.353748564956229
11,2,-2.93316790084382,-1.164458323568818,1,-0.2266350847955041,-2.5668635989285855
12,2,-2.8840774371396267,-1.42156291397131,1,-0.9975317930745973,-2.307327911487495
13,2,-2.7696022875298962,-1.6875920327759821,1,-1.5186222652678205,-2.1209863343504987
14,2,-2.840874555606918,-1.594706542866915,1,-1.269289689780776,-1.6482568860001638
15,2,-3.112464281116698,-1.5099289479016447,1,-1.0550050236314186,-0.8566994121904568
16,2,-3.2959896695283386,-1.4261028729365104,3,-0.9644897942380721,-0.4070598747386043
17,2,-3.3211130370912403,-1.5400282186826724,1,-1.216838183632942,-0.5965508340341089
18,2,-3.243120073125851,-1.6115128692266938,3,-1.4045580359528784,-0.3519214393232398
19,2,-3.276751437866756,-1.8529542193388095,3,-1.2880223748821051,-0.324998746017391
20,2,-2.9564042400214716,-1.5727016149097333,1,-1.589024422918842,-1.1062080070354345
21,2,-2.840534665932309,-1.1651652500218668,1,-1.5700469372103267,-1.0977729257195938
22,2,-2.5650278234730566,-1.2034581808620906,1,-1.7864327228400465,-1.7124127608465933
23,2,-2.4775480839502535,-1.0607346300285916,1,-1.7646008187547564,-1.3064388760630383
24,2,-2.455524530131406,-1.237060628028712,1,-2.074261458633308,-1.3732551407877966
25,2,-2.540864149686395,-1.2213480064726332,1,-2.4183233643617017,-1.2472724354698528
26,2,-2.1737063075945917,-1.1182335304562554,1,-2.7525108296273917,-0.9376632393606998
27,2,-2.2594988144678454,-1.0782274768364628,1,-2.589817916019218,-0.8955828218747777
28,2,-2.1858538611159504,-1.0548765427840627,1,-2.1455178535536175,-1.0421446351327914
29,2,-2.6971216497248083,-1.4686474937543748,1,-2.356477349196094,-0.9078545683975177
30,2,-2.7132303889488676,-1.5511439055036402,1,-2.614062358676375,-0.9627538131239216
31,2,-2.554003727421802,-1.438937390958585,1,-2.186839652269522,-0.7740591746021341
32,2,-2.3229054005862,-1.5139982922554698,1,-2.3559791548702744,-1.2396581098728041
33,2,-1.9206282666926173,-1.5291079832693983,1,-2.2999178768063104,-1.4820181514883286
34,2,-1.7505092875967343,-1.6697741711370788,1,-2.087912187915573,-1.4583744872476723
35,2,-2.285052749815311,-1.6632373373772456,1,-2.2081841795850194,-1.7975665160598524
36,2,-2.3998759343421296,-1.5439320127096527,1,-1.9349889877488216,-1.2503559162225997
37,2,-2.1269209750978137,-1.6185325462298996,1,-2.1510703248702043,-1.61250066500619
38,2,-1.7500932612809499,-1.5599248929003713,1,-1.9922370747152252,-1.4637805514094067
39,2,-2.0438828628265076,-1.6013394128004705,1,-1.8591815170405515,-1.4019472385536975
40,2,-2.669994407189048,-1.4677439423847076,1,-2.167308067894295,-1.9444978670522746
41,2,-2.9312790059769016,-1.734289249002179,1,-2.305966720512063,-1.625462102927803
42,2,-3.3534716829518665,-1.8320287379861462,1,-2.4161438762661387,-1.984265065166523
43,3,-3.769413905003167,-2.043158216817563,1,-1.7973295235055273,-2.059700147663766
44,3,-3.51593476927521,-2.0867797371950694,1,-1.5408123737858674,-1.9304038652937554
45,3,-2.8820960478378126,-2.1764499729910782,1,-1.4419221960711242,-2.5643943073198594
46,2,-2.8500283171507848,-1.8663936054450267,1,-1.6161587563459077,-2.2622381886483396
47,2,-3.068722177485005,-1.9030130010949193,1,-1.2320733677975446,-1.9572120709200473
48,2,-2.980013799159982,-2.0924991800283275,1,-1.238902674515339,-1.8604859041932738
49,2,-2.572775044383342,-2.032811562309497,1,-1.025401783703238,-1.4789694080737488
50,2,-2.5365610946141106,-2.215999070151746,1,-0.7078853676009085,-1.9252893136986402
51,2,-2.7163441502185366,-1.9248996012899402,1,-1.0082580299011068,-1.3793995117404245
52,2,-2.3887551293375435,-1.7250045947167254,1,-1.5072439859855369,-1.569235573813581
53,2,-2.868481017263929,-1.6301034307765585,1,-1.448868678152146,-1.4642573004333324
54,2,-3.2823891573355413,-1.7593898571140199,1,-1.470731920255914,-1.2428793458243683
55,3,-3.1397077847966997,-1.8424344759502662,1,-1.407575743027095,-1.3727439177498155
56,3,-3.413349956341898,-1.6240417153958104,1,-1.3994081391270439,-1.4869581322253644
57,3,-3.4246294859656814,-1.7852830425615462,1,-1.309625218314177,-2.0693130318746977
58,3,-3.561303741211668,-1.5522555100958504,1,-1.1680453394576205,-1.3960051726841582
59,3,-3.2944294748042973,-1.6814173283135645,1,-0.5713464123159786,-0.8391791000329342
60,3,-3.3838998802362426,-1.5345035486213932,1,-0.3987872510238871,-0.7775287814773275
61,3,-3.1112777223953723,-1.3312330222429378,1,-0.4865763946620426,-0.7516573173557587
62,3,-2.9940092942366774,-1.3547110070440267,1,-0.39632549842334797,-1.284468089706201
63,3,-3.1418603491436654,-1.6829034582593225,1,-0.4425234965266527,-1.4786069691872359
64,3,-3.4509544669632004,-1.6060899593755562,1,-0.5322706873465917,-1.4048218307868996
65,3,-2.9319848193897355,-1.3775124295931138,1,-0.2042489297700919,-1.2597583224751854
66,3,-3.0255310725117943,-1.2647972162155385,1,-0.5894983074872697,-0.9682580398505676
67,3,-3.7406869312260005,-1.3532384164667204,1,-0.9648774838887008,-1.4007992006077004
68,3,-3.685795931386129,-1.3193837223486893,1,-0.7745036283164297,-1.4006190062456714
69,3,-3.520561446601384,-1.4022276205959503,1,-0.7876674385436648,-1.263827519707002
70,3,-3.0358294049208854,-1.2236618029118744,1,-0.8499371769760649,-0.8342221969449602
71,2,-3.030757283787197,-1.1214755317395602,1,-1.1918621773558007,-0.5859914825333683
72,2,-2.744518706079874,-1.1830801833215834,1,-1.2172492452886765,-0.6984758893304275
73,2,-2.6415538826282887,-1.3983798601827522,3,-0.8216363485000251,-0.313884802518659
74,2,-1.8504273208188364,-1.369363547781248,1,-1.065311867137014,-0.49782704148389645
75,2,-1.9601590275188503,-1.4940137771494029,4,-1.0102141532674627,-0.21002281044631965
76,2,-1.936569694635007,-1.4008281024990987,1,-1.069606792988424,-0.5014689368939166
77,2,-2.571579772997202,-1.636741979659166,1,-1.1282936483351038,-0.9541759391748611
78,2,-2.8159681578466667,-1.8588388521547365,1,-0.7910283075629168,-1.1019604764659903
79,2,-3.0676221718136065,-1.720621589247724,1,-1.0991217075017168,-1.1866367439516625
80,2,-2.9125671823785155,-1.7569084727897428,1,-1.1761694373263745,-1.2539059140951243
81,2,-3.1339815983665864,-1.6038905615480252,1,-1.271260817999451,-1.035624613879635
82,2,-3.1135007118846376,-1.6016287516385572,1,-1.3947274040229645,-1.0256700091180264
83,2,-3.1175996819407996,-1.4135730208525243,1,-1.4979694056555988,-1.4599926740816591
84,2,-2.713661261641772,-1.3299526031467246,1,-1.3073460359925466,-0.9059159177737406
85,2,-2.365377632242767,-1.2513317091335845,1,-1.5466374336309028,-0.7821666669457181
86,2,-2.297843506290291,-1.1591730117683108,1,-2.1640203197549264,-0.7652498955985672
87,2,-2.3839325276871675,-1.1850847510318503,1,-1.7683306267943106,-0.9936223168895899
88,2,-2.37247106528286,-0.9755331201370603,1,-1.8437069823224135,-1.1183198801669754
89,2,-2.186699141697031,-0.9675324889171737,1,-2.181519910710767,-1.2940179600642783
90,2,-2.270281976699373,-1.146788271182415,1,-2.493115683529325,-1.640974009914265
91,2,-1.956514187135217,-1.04845576405944,1,-2.5855461301200853,-1.422376282578198
92,2,-2.1904260868966365,-1.05198612508226,1,-2.4192036121076628,-1.5326704690107353
93,2,-2.1048543351103133,-1.0818523072444535,1,-2.6728333157113644,-1.8467017987147625
94,2,-2.1347460551488524,-1.0055437646149317,1,-2.5420485550894782,-1.4990443958911541
95,2,-1.780082947591421,-0.8189360708909661,1,-2.370868539889281,-1.0971465842852135
96,2,-1.9111404162490624,-0.7456190877226474,1,-2.141529264213806,-0.8846398625343768
97,2,-1.8310813218905966,-0.777381489344517,1,-2.316450787131678,-0.8833907153867693
98,2,-1.8623168763915599,-0.8090141339545693,1,-2.1831086960081727,-0.707039478209472
99,2,-1.7551767023744331,-0.5841923238565838,1,-1.4816131068887015,-0.5125993952296581
100,2,-1.5699916456920575,-0.5793845052621625,1,-0.9926027005727964,-0.3657298146849285
101,2,-1.2615052299733724,-0.48122565987568144,4,-0.4723587373262961,-0.11325093402523223
102,2,-0.9455843423077025,-0.1708955425772093,4,-0.45254874713216453,-0.08569672354588531
103,2,-0.5892081330024327,-0.11452038378688789,4,-0.06607145440398132,0.08813046008799064
104,2,-0.7303441264737549,-0.5649839094926303,4,0.05893815402590963,0.20873477937032436
105,2,-0.8314059003459885,-0.5139946503985643,4,0.28863737504989473,0.40580822709348463
106,4,-0.4301189057733048,-0.7952399505855475,4,0.7510760777961083,0.3023758290879273
107,4,-0.4056733436078255,-1.0702439490341005,4,0.6330532469952169,0.49523864617847724
108,4,-0.4258668674499135,-1.4320350271166569,4,0.43975448608341094,0.23116006029970984
109,4,-0.8699331974089736,-1.2057810905167021,4,0.3046575923892055,0.28092250315750233
110,4,-1.079438503409009,-1.3003939452167672,4,0.5992624043303598,0.04977606062050499
111,2,-1.6119746160131478,-1.5656582518818416,4,0.6935812090091737,0.18557897220527508
112,2,-1.8537178198235134,-1.822649841770573,4,0.87933660848866,-0.04023379100334071
113,2,-1.914573398354751,-1.37476202162997,2,1.0075683026535298,0.003621092580541496
114,2,-2.8115935587136667,-1.4065526281830485,3,0.7870971154589812,0.04850021228289736
115,3,-2.469400858765651,-1.1727030481800544,2,1.01462359837865,0.03942135275486214
116,3,-2.4576030856675097,-0.9611430283109632,2,1.104224821183006,0.07158359274690451
117,3,-2.3442287104472923,-0.9817150603139306,2,1.0961355766103777,0.01821584307279145
118,3,-2.3836731652880148,-1.199878256215078,3,0.7418056345376216,0.0785686720963013
119,3,-2.6933997422385225,-1.4118411789100282,2,0.7856158816349628,-0.1915075676419175
120,3,-2.7670959299250373,-1.3337968043660338,2,1.297747797542789,-0.16077284255390417
121,3,-3.0425371591652226,-1.7907631178747212,2,1.2964717058511153,-0.446957148268494
122,3,-2.974965055337691,-2.0914828648076127,2,1.1518467564320147,-0.9076181284830699
123,3,-2.4382653307216584,-2.1267561269808244,2,1.3020489707344594,-0.9862689953013224
124,2,-2.3345717608437933,-1.9482689111806746,2,1.1189602600075084,-1.0377025288428996
125,2,-2.268335960841231,-2.3645267099545433,2,1.0568428358930433,-1.5697710184266094
126,2,-2.4761815857141625,-2.139366921878506,2,1.1815282278795074,-2.3537455378626504
127,2,-2.3918896874414974,-1.8077193268121172,2,1.4262250835602248,-2.1193295886500505
128,2,-1.7923308113544612,-1.5089438564167097,2,1.8855419064844694,-1.6273367878592213
129,2,-1.6753019483466802,-1.0417179649922392,2,1.7148469385325462,-2.1214341305473967
130,2,-1.5500767601220926,-0.8931108948077651,2,2.3017215034792744,-2.0700969089093575
131,2,-1.3952395380322666,-0.568857349598507,2,2.145968361928225,-1.9821934755505084
132,2,-1.560921364732624,-0.4782311422940041,2,2.56450163098356,-1.8153986480902344
133,2,-1.3025764178628814,-0.5343096333880581,2,2.710069070323691,-1.696668206409734
134,2,-1.6864187268747102,-0.15655241409527765,2,2.4561184056007965,-1.7557121310548633
135,2,-1.3251885057486417,-0.20595187352717415,2,2.974642103210035,-1.209811628185773
136,2,-1.5590896194179458,-0.3433295909242823,2,2.927872112683189,-1.3763013601001752
137,2,-1.4580957307117954,-0.42220080063142373,2,3.0003870237308305,-1.3563600270848355
138,2,-1.6052618471497315,-0.47386769303862547,2,2.747359688974351,-1.1280358561969304
139,2,-1.6280707125768856,-0.2858333184221299,2,3.3396913915741195,-0.8315434469699023
140,2,-1.8662363287084585,-0.5346003240738815,2,3.0532921447560635,-1.1164700535318104
141,2,-2.1670499602361897,-1.023385629354448,2,3.059918842007665,-1.2299103245450869
142,2,-2.221345171624065,-1.0088870140110469,2,3.397074025585617,-1.184702443353568
143,2,-2.3143574065777135,-1.215186933767606,2,3.3563046408348263,-1.2558594256216613
144,2,-2.39833272639439,-1.4782588907527257,2,3.629637264917278,-1.073653688888098
145,2,-2.587434626819679,-1.350587526390075,2,3.6038905067099125,-1.074921575665482
146,2,-2.7280359119614443,-1.5114946909509381,2,3.261758892592585,-1.1340531458783372
147,2,-2.3895681192564937,-1.584888022617199,2,3.1592994460755874,-1.0738929594822726
148,2,-2.4519501581442986,-1.7268386763458086,2,2.761344140050836,-1.2484061134129818
149,2,-2.2238884792718734,-1.6034108636659459,2,2.2996186419050257,-1.2458792447888447
150,2,-2.2879707930176503,-1.5857026167508566,2,2.3849723052232905,-1.0499369285080922
151,2,-2.2024595300248926,-1.7901319120761636,2,1.6646754939845363,-1.2293115624141238
152,2,-2.6341130897911214,-1.9908985525132725,2,1.3967520535454425,-1.682512071548738
153,2,-2.42851676204573,-1.9712405078382589,1,0.616972665478232,-2.0965023751000027
154,2,-2.2067955060843185,-1.9291154121404928,1,0.30703710363795256,-2.049732525004596
155,2,-2.656920149284614,-2.058729403837001,1,0.7033183589294282,-2.0654049847427656
156,2,-3.084899226619471,-2.0774697698868243,1,0.7130892099228057,-2.2292533791611113
157,2,-3.1785286969342916,-2.1956383111517903,2,1.020713675261411,-2.0069825145160713
158,2,-3.073211584745878,-2.1495236051754127,2,1.3464668077151853,-2.3736393718989124
159,2,-3.1851518658911497,-2.35422600995442,2,1.044516017438485,-2.586162809050591
160,2,-3.5016000913003,-1.9387831940815423,2,1.02385636318544,-2.2383586595558356
161,2,-3.2193302319234154,-1.9084350813947486,2,1.1586159036694696,-2.1938484674989893
162,2,-3.036198118723095,-1.7221031316048,2,1.2787000571595886,-1.5682200405579299
163,2,-2.890617560890427,-1.628762077224189,2,1.6264896429376778,-1.6722482125802571
164,2,-2.4948806212396515,-1.4827931273709842,2,1.5134595379007787,-1.3797249408055903
165,2,-2.4282630744359697,-1.2626646215029858,2,1.6080105109015363,-1.386419171785292
166,2,-2.3423796303666453,-1.3546539343947,2,1.4719643469109167,-0.7727052793890674
167,2,-2.0423438684423427,-1.1257543528991623,2,0.8752189156117014,-0.8314151161653066
168,2,-1.7299497153698513,-0.9656613048630658,2,0.8581367562978294,-1.1170558874557273
169,2,-1.6215023029362614,-1.1713726000568871,2,1.4297693482569498,-0.8340184829673061
170,2,-1.4891737061966628,-1.1661847410767745,2,1.7562914007804982,-0.9753887252709912
171,2,-1.5949306175365676,-1.5536664987482982,2,1.8375611456144634,-0.954046032111692
172,2,-1.8112320597998326,-1.8649649749234132,2,1.4825760532873224,-1.9610658960479252
173,2,-1.8580024693498771,-1.9525380226694988,2,1.6527442471169584,-2.1456903994525636
174,2,-1.8281349302225691,-1.845001446254175,2,1.467294670593259,-2.3565811983265723
175,2,-1.9723775120438751,-1.7304178765884908,1,1.0071969379851853,-3.226703616386513
176,2,-2.1800350510711715,-1.8166921331440087,2,1.7447843554031601,-2.955199214340696
177,2,-2.2872521034585205,-1.9214087230479753,2,1.5411092875541876,-3.1698179832365305
178,2,-2.39341890198105,-2.0165399120583882,2,1.5712404638135946,-3.2983519402462185
179,2,-2.253066030011705,-2.214034657736283,2,1.3136577492000945,-3.8775261272618486
180,2,-2.073957317275307,-1.8039914257255418,1,0.8727661462183456,-4.209917351606693
181,2,-1.8401479149925426,-1.7591713053974507,1,0.6539667191842875,-3.695752017874163
182,2,-1.8352126397861825,-1.5943713561865007,1,0.4564238375188925,-3.594755838463291
183,2,-1.586820124885293,-1.7676000633509443,1,0.10764418833855727,-3.5705109206188
184,2,-1.6489594352756258,-1.7544174906421992,1,0.11482104484295785,-3.4382365877726526
185,2,-1.6942576642760083,-1.9281068864140563,1,0.12987691971383653,-3.5063645025425316
186,2,-1.5204059264818786,-1.757017047008414,1,-0.2485068072586758,-3.2301195565710676
187,2,-1.7430799960503465,-1.5334443355545673,1,-0.4504060646877963,-3.0116562194574077
188,2,-1.6194702955779652,-1.6374847482145385,1,-0.3794565793148883,-2.5881028109832425
189,2,-1.4897296624573915,-1.4825828781065271,1,-0.1606801617797431,-2.5928496318693286
190,2,-1.2324035097155306,-1.3290649962176515,1,-0.35269378350227676,-2.9467210643355406
191,2,-1.4135294779856593,-1.3429469382005381,1,-0.27270681608637215,-2.64043479487098
192,2,-1.5998939720034446,-1.1070372263834105,1,0.4751312438225527,-2.449103471474089
193,2,-1.431263819931079,-0.9680300894785719,1,0.007293886277824679,-2.896267650746789
194,2,-1.1170850493587419,-0.8852645309100053,1,-0.1964062726089697,-3.0288827444548856
195,2,-1.2877088510253105,-1.0233382727723639,1,-0.10039549413982951,-3.031594740384783
196,2,-1.2342872481866363,-0.9643725586325489,1,-0.24367363040529177,-2.7799837642260994
197,2,-1.5125405921113666,-1.1126611367194692,1,0.09173470553284324,-2.3432286630393846
198,2,-1.199414029741043,-0.9376034854376831,1,0.19593640190413963,-2.544739439603757
199,2,-1.1704898324521227,-1.1802459262055858,1,-0.3338625944600897,-2.787466686059527
200,2,-1.311963784357142,-1.2974276966074192,1,-0.2540553059822608,-2.766259801892693
201,2,-1.5604895432089514,-1.2935338734849777,1,0.17454684892136618,-2.462572408221291
202,2,-1.5499420176427243,-1.4695706781932647,1,0.07263217768563068,-2.4875007894742738
203,2,-1.7174082504340649,-1.4928485949761416,1,0.037524567890352634,-2.4947258284422533
204,2,-1.7127848632315055,-1.6277936249319018,1,-0.2994459443154751,-2.9068162337268704
205,2,-1.9246205271270636,-1.496893927149467,1,-0.162971054244762,-2.9098102969970503
206,2,-2.0259660116077303,-1.5042838933114457,1,-0.3680251824312484,-2.897663269510077
207,2,-1.7927375045619238,-1.387824781208125,1,-0.5861360769735584,-2.9209017342597208
208,2,-1.6453501322731374,-1.232986135589362,1,-0.7562461974037393,-2.9833933111341997
209,2,-1.6530356524885057,-1.5505818377789986,1,-1.0356291681654222,-2.832215451093683
210,2,-1.4979610634493752,-1.2131490945596979,1,-0.9978014320292588,-2.460414064357207
211,2,-0.9688182809069169,-0.8174979215456498,1,-1.4220773578456842,-2.6183118396883014
212,2,-1.1636493448782144,-0.6716552605426034,1,-1.47647136709169,-2.4748282104534214
213,2,-1.0995792008941208,-0.49832927758951695,1,-1.734244891984685,-2.2758963655012265
214,2,-0.9372652903697054,-0.19865674528917077,1,-2.076949344437062,-2.3196133532223353
215,2,-1.0883062145102311,-0.02848078261894016,1,-1.6211491963327216,-2.13255428091571
216,2,-1.371193734413095,0.20665563364907724,1,-1.7667383869590836,-2.149116910208071
217,2,-1.224519554492427,0.3471344432410184,1,-1.6659056869253466,-1.9409886248371602
218,2,-0.9229452132508216,0.5446880663180743,1,-1.898088630598867,-2.349457152778044
219,2,-1.2082082982155924,0.4870732422779728,1,-2.0704353790311063,-2.5324895286291036
220,2,-1.165190003597317,0.15502939709493546,1,-1.3711667860690497,-2.4274494381253695
221,2,-0.9165560663427649,0.17330505082680106,1,-1.0099914332696247,-2.825129028768835
222,2,-0.5079126476508943,0.26302796974715176,1,-1.0944787272195655,-2.720082659103521
223,2,-0.5413750713105427,-0.08662561824061212,1,-0.9344359421216804,-2.8951738135933103
224,4,-0.14408063933708679,-0.477283043020777,1,-0.9848168416846734,-2.820770131496629
225,4,0.4078798206854715,-0.4085140772937119,1,-0.4920443905139577,-3.262193546090405
226,4,0.10717000693231338,-0.5160918404899474,1,-0.6522334443743426,-3.4315144754079085
227,4,0.279434700833341,-0.019250112379160855,1,-0.83719422592498,-3.3812190351575477
228,4,0.6376663386159489,0.20134109427000313,1,-0.540115179456127,-3.5602666792776345
229,4,0.6829663733472595,0.4477596227479268,1,-1.002453243246145,-3.4371697725973522
230,2,0.4177559336996022,0.04420862304108675,1,-0.8470603558008589,-3.754394473684887
231,4,0.46402771103567153,0.07886559891856271,1,-0.7891638426407505,-4.141754273475328
232,2,0.4738658480496818,0.6085462999131603,1,-1.1731661775611415,-4.023817434966797
233,4,0.3503229473501429,0.5820307437080073,1,-1.3576635809934894,-3.958660960799984
234,2,0.21837726541612662,0.6825478427838495,1,-1.2753189969938026,-3.3142322789441154
235,4,0.4437362095272921,0.7615218383113527,1,-1.7552195334232938,-3.4420526031096825
236,4,0.43995038898468003,0.1857223830234137,1,-1.2859117110151024,-3.3406375991384123
237,4,0.5951451811106907,-0.10027489935796585,1,-1.403551373500878,-2.759571874855178
238,4,0.8203638809245783,-0.20081648334867197,1,-1.0290823153555406,-2.5994066379163026
239,4,0.9130577297382869,-0.009504610877881903,1,-1.1375137659610335,-2.343080402236012
240,5,0.7602513452730353,0.25987144049046784,1,-1.3960719880757377,-1.8250799124097854
241,5,0.8588461585477636,0.2186050985651447,1,-1.2107679849491766,-1.6365327852827805
242,5,0.9230809304740943,0.09099431609496533,1,-0.8310437537627904,-1.7395266284861348
243,5,1.2730562922839685,-0.09001465002019193,1,-0.7884006965774512,-1.7469724291853976
244,4,1.3222760175612458,0.005469373809595834,1,-0.5107196070967004,-1.9166253865994447
245,4,1.3367711518299472,0.06638267734248049,1,-0.7276929434016847,-2.2632200311428297
246,4,1.1040994919114007,0.18935964775340153,1,-1.1596637270783057,-2.0380857570039104
247,4,0.555740300681993,0.35194859644586185,1,-1.3549159150657122,-2.070983469207851
248,4,0.3330629083355054,0.4477485199526492,1,-1.2079183921576175,-1.894337615885897
249,4,0.6671961501002119,0.7037087006664147,1,-1.3653837495462449,-2.5382087484950002
250,4,0.7533462149293692,0.6711450907072826,1,-1.1506183681603963,-2.3410663270532424
251,4,1.0896575164306401,0.26079213271755464,1,-1.2425078207236278,-2.0127537190838214
252,4,0.8793221270930216,0.28286024767562556,1,-1.1441955979512943,-1.7781754954590565
253,4,0.8532960460816186,0.22800235057261303,1,-1.1957254669978705,-1.9765352380247485
254,4,0.4343015100555506,0.5185336453427138,1,-1.1446549475907433,-2.043420942938709
255,1,0.45707691344795337,0.9843058742805098,1,-1.1158950283470026,-2.0657874020131217
256,2,0.257375670043121,0.6699200926952393,1,-1.2797678989197072,-1.911486086542821
257,2,0.47018626377290695,0.3425686691047095,1,-1.2464125078770194,-2.0452886576943485
258,2,0.20458040230845959,0.5057275202049192,1,-1.2872247151496592,-1.7923661812497884
259,2,-0.27959407170511097,0.5629746986078696,1,-1.5401209505666444,-2.2345231856320953
260,2,-0.5993868892749863,0.5658437941910186,1,-1.3305288546685223,-2.4197375206104974
261,2,-0.7281376269301505,0.7305107012350038,1,-1.3672465358498957,-2.30762512831777
262,2,-0.8377240788145006,0.7415858124460553,1,-1.4493375094435668,-2.0625133141040703
263,2,-0.7928886801087267,0.730887015059111,1,-1.6268422312476662,-2.1417082912832632
264,2,-0.9991742739403693,0.479842292634827,1,-1.4214897729175378,-2.0670872212681815
265,2,-1.4680410819588199,0.8251906827950106,1,-1.2149119185579165,-2.0453432189156926
266,2,-1.3769003629629224,1.0033669209518319,1,-1.4072391488072753,-2.216993985535374
267,2,-1.2952631622663262,1.049109736298918,1,-1.1362950621806311,-2.0517678156616728
268,2,-1.1043538272204585,0.9841717311317442,1,-1.041082751158287,-1.6218539088938764
269,2,-1.0305529761311476,0.800680514826645,1,-1.3803686028890767,-1.396092669817272
270,2,-1.3730952253542605,0.9265990120920373,1,-1.4865890079576298,-1.6091382979140418
271,2,-1.279424668815316,0.8678722204425419,1,-1.712891451398317,-1.8920092234789805
272,2,-1.5243001254297215,0.9046718683353498,1,-1.5730105796859224,-2.2100040077174903
273,2,-1.266442633904306,1.3161009856402652,1,-1.8528611160187505,-1.6937513264051893
274,2,-0.8106286704369458,0.9714342873402803,1,-2.00009613832989,-1.4474735828519882
275,2,-0.6512624661641386,0.9756388077745174,1,-2.15877298567769,-1.6788587808470794
276,2,-0.7925135093226319,1.1174891977231676,1,-2.543912339007601,-1.6464762281087695
277,1,-0.5688155125366625,1.294265092711095,1,-2.7975195746575707,-1.7071877791354393
278,1,-0.5254042763486277,1.946024670884813,1,-2.565766719759413,-1.8022478096035381
279,1,-0.28407904940837375,2.044186124212805,1,-2.4291052410456695,-1.7165199242866684
280,1,-0.5263167879432845,1.9523598473992403,1,-2.546595645756679,-1.7344509409520867
281,1,-0.7399006508604109,2.021205425903113,1,-2.6044227968126648,-1.5575315899566624
282,1,-1.0776660912458307,1.8581773473321728,1,-2.7427408842275804,-1.201581783901393
283,3,-1.5410045650860456,1.5154785264618613,1,-2.603012050574369,-1.5550818233363564
284,1,-1.4554529135793768,1.7555995878315818,1,-2.8613253422668445,-1.2443923587100267
285,3,-1.5930563193014522,1.5604721895586764,1,-2.7868674571998913,-1.224534187107211
286,3,-1.5691179448952517,1.220526786709686,1,-2.2854859560125593,-1.250362533812976
287,2,-1.5778078396462265,0.9705712685803852,1,-2.199324187624773,-1.26602136689501
288,3,-2.3015503577096634,0.5543634046958388,1,-2.447111351682791,-1.8130710405634984
289,3,-2.3801925866798355,0.8598675933242202,1,-2.298860437793792,-1.4307611177585293
290,3,-1.7080801740101155,1.0544164644962508,1,-1.8846967325208304,-1.0380935617571097
291,3,-1.5580850514070932,1.1959761356996081,1,-1.4080836117720694,-0.9575488205461259
292,2,-1.4868564472748809,1.3005549107466647,1,-1.6572893169994165,-0.968603923508244
293,3,-2.1251044149265255,1.5174277237688498,1,-1.9712025987428035,-0.5465866658880605
294,3,-2.41210166967776,1.614208918961677,1,-2.1383469727310858,-0.19267611897342474
295,3,-2.719445751831886,1.829222747271083,3,-2.142592709138598,0.24467870000206826
296,3,-2.509505814978567,2.02304426852532,3,-2.2879457277478528,1.3661911253975891
297,3,-2.6786441944570427,1.9565915191506364,3,-2.0787195726351952,1.7446895326705023
298,3,-3.3056143409424,1.698551332081798,3,-2.4530177975939953,1.1482191931655021
299,3,-3.5395037559719706,1.9530256710254745,3,-2.89434349954264,1.4725943060518418
300,3,-3.5034856205342075,1.6455377508850118,3,-2.591063665233282,1.8673358683209236
301,3,-3.4548760387969573,1.6317806283130185,3,-2.4625029250331965,1.9853738651784587
302,3,-3.384092870959215,1.400448537933135,3,-2.256745095284648,2.2811156710017517
303,3,-3.397387744872391,1.248244943972248,3,-1.9702502033713767,2.197432822270563
304,3,-3.014676100256119,1.0505948533997813,4,-1.5067734242555915,1.9333853843395892
305,3,-2.9771716176547316,0.922650294039443,4,-0.8944192184927534,2.524373360573992
306,3,-2.415102966882214,0.5346904557738879,4,-0.3765019942760755,2.6983955375617006
307,3,-2.3331625597583523,0.3181489676270963,4,0.012208639832761492,2.5581445306135278
308,3,-1.98912908156064,0.020840361555815146,4,0.5797859711357335,2.598964537892385
309,3,-1.2293603909383615,-0.5336859757477661,4,0.7282599104153842,2.1241995672881373
310,3,-1.593872643979648,-0.11898341513930466,4,0.6079624537419359,2.1570548035945745
311,3,-1.4131975174970495,-0.16511709641630906,4,0.32790733902415503,2.0178332558123317
312,3,-1.7880796263755347,-0.2720468403637103,4,-0.15182191847241028,1.7878795723958882
313,3,-1.8178541229897762,-0.020346740219859383,4,0.015858662631940745,1.7729022469951707
314,3,-1.7868161715151116,-0.019604287502376194,4,-0.6172535505992123,1.5530600589388373
315,3,-1.6505982241380637,0.3980267602319969,4,-0.682493267477934,2.127958306346944
316,3,-1.7973540364121925,0.270381681873417,3,-0.3875841541540168,2.0026102412683504
317,3,-1.6428778299246343,0.031224633265697882,4,-0.14828445727434145,2.972333559132383
318,3,-1.3944976257924229,0.31904801829325086,4,-0.057974915247369585,2.936142061752463
319,3,-1.4264991666663667,0.43049858779947925,4,-0.19421006891627923,2.8033107961980486
320,3,-2.0755822521464107,0.4668362637404161,4,-0.40439623542183634,2.758551608964678
321,3,-2.1292570303662455,-0.006688818301308269,4,-0.04473276765965235,2.3680461966865627
322,3,-2.0913549936006084,0.0682274650492882,4,-0.17026328833139912,2.6386539134484703
323,3,-2.064516747493167,-0.007460640763474566,4,-0.19036117843546801,2.9875042728812664
324,3,-1.996783339380101,0.21041116863148962,4,-0.4881787279904486,2.4742509306320297
325,3,-1.8325791290497833,0.1470670237037202,4,-0.4714669045251735,2.289958808303211
326,3,-1.867409207588839,0.17647022682252778,4,-0.3363104501544205,2.5230484826359434
327,3,-1.689440716448337,0.42809297693150133,4,-0.5033262992447024,3.0554801653673898
328,3,-1.2800884209749088,0.8609868095572248,4,-0.3180226913030473,2.298926381314996
329,3,-1.1813169137543116,0.860525731972862,4,-0.4082509524347814,1.6749288257605053
330,3,-0.8525519424541581,0.8141013184708049,4,-0.48833109434516064,1.2629568865656626
331,1,-0.9048057877096258,1.1998050288109532,4,-0.6055467350308117,0.7915137046417215
332,1,-0.867726525394638,1.2888648318134885,4,-0.5613589602748466,0.6150406800453596
333,1,-1.0508860692905828,1.1808438625711748,4,-0.6369545289884269,0.8592095625120069
334,1,-1.3122733375817892,1.38500095445292,4,-0.7256806297851657,0.6781372874366487
335,1,-0.9797623905094939,1.542538237551585,4,-0.6439987475995665,-0.05711244188032194
336,1,-0.6892113319114697,1.5072697012284388,4,-0.99250145546317,0.17262705104185128
337,1,-1.0052405347912337,1.211356250528075,4,-1.0259921122399374,0.08086340855830532
338,1,-1.1897872107134626,1.4351150450844514,4,-0.9638881381058572,0.2914499462573137
339,1,-1.038046936116348,1.5210187806586042,3,-0.8810424255642562,0.818055546645149
340,1,-1.2429045097477545,1.3965828539672063,3,-0.7700918201929138,0.7532885556912341
341,1,-1.1457976852654814,1.0871124238330894,3,-1.1874917198325128,0.49776954288481545
342,3,-0.6793685263828657,0.6711981476315872,4,-1.0447962800730903,0.48084761946324817
343,4,-0.2895433808853404,0.3305195392505408,4,-0.648792161867905,0.4791911890919862
344,2,-0.5426371276531274,0.040928593537645996,4,-1.1415614686824584,0.5393559339059102
345,2,-0.49874783786273535,-0.10241096098531788,3,-1.5158207241563482,0.5223740423080676
346,2,-0.2169842302725472,0.1303824358438278,3,-1.7672824192232044,0.23931277865508194
347,2,-0.48383388572851516,0.24279790298393156,3,-2.1069955027640725,0.239271815110512
348,2,-0.006206951834633712,0.4568260713484512,1,-1.751196801913559,-0.179182064059346
349,1,-0.05835446772365127,1.2820172099357698,3,-1.4373711354275123,-0.07447496098239881
350,1,-0.018692606805062906,1.7357179653801413,3,-1.6368301077251288,-0.0971237771667518
351,1,-0.014584675078686271,1.9710313508232677,3,-1.7828633920544044,-0.08233350733201283
352,1,0.2546894266429799,2.2383700096487797,3,-1.4163204424658795,0.3655514160685184
353,1,0.9249485880264404,1.842541941710277,3,-1.2311028646337399,0.1776397943490685
354,5,1.0482493623862874,1.6743076891927435,1,-1.1144924109022378,-0.6292813784284408
355,1,0.5826019268315966,1.5470962063872993,1,-1.1123067760330736,-1.1399365080520534
356,5,0.577357876440526,1.3314736002579552,1,-1.4036804059156527,-0.9938273025308115
357,5,1.1316878266356527,0.7372082196704512,1,-1.4641805110250872,-0.7423900211279961
358,5,1.0958885332685342,0.3354584172560996,1,-1.282629124354842,-0.8210216906249189
359,3,0.4934469225918943,0.4512387514370886,1,-1.4056398284634408,-1.8580984252418329
360,5,0.9036383860350956,0.6766918127505872,1,-0.005341136825462556,-1.2171220158079468
361,5,0.5017323495410411,1.1324722031951895,4,0.6690023014368623,-1.1118388740867577
362,5,0.4454301544652529,1.280501017075919,2,1.3521688437178108,-0.7810908097296754
363,5,0.717525986315061,1.4523931512018537,2,1.6720912794447869,-0.9129231719671508
364,5,0.6546471654352626,1.603581230294301,2,2.221199119088363,-0.6679864674670143
365,3,0.25674277488924335,1.709485618401212,2,2.380284762161652,-1.2012382409386393
366,3,0.4218641636155537,1.6760935783137074,2,2.334710050641638,-1.1356953776885386
367,3,0.08254795846624885,1.1554098035406013,2,2.745324305286713,-0.3340824718018306
368,3,0.005279427965470762,1.0177920887296248,2,2.679223774933971,-0.924613942285546
369,3,-0.7455700341238636,0.7845433629067984,2,1.8447004332313361,-2.3499684383588675
370,3,-1.4599683077284447,0.8970874465355149,1,0.750890392225307,-2.9234519769130825
371,3,-1.7440319088363532,1.016505839600237,1,0.893947695016877,-3.153278157194535
372,3,-1.4409928098972196,0.8425078304859033,2,1.2265984378267505,-3.453940950486508
373,3,-1.1185032600738156,1.1599090266912946,2,1.2137902892010557,-3.7954301956930827
374,3,-0.6124657082984448,0.6951261127711279,2,1.5696762932517745,-3.4088769418340252
375,3,-1.1764158294351823,1.4555218339568414,1,0.7269547353295114,-3.939904293949323
376,3,-0.5790699828970561,1.5869151668779313,1,0.6359866497882343,-4.0007135981042135
377,3,-0.5581739765277779,1.3109449790353613,1,0.8607685781462013,-3.8241787101491145
378,5,0.2905528269309151,1.110019908175122,2,1.3599157905801327,-2.824054061404256
379,5,1.2476337945118763,0.6511915049674566,2,2.287896736926252,-2.0276305502273635
380,5,1.7939891691064642,0.03185283499125835,2,1.9592382555162497,-1.682060720176674
381,5,1.0307429653115079,-0.22844611470741882,2,1.4090025632043446,-1.2939550109863727
382,3,0.48048320873025263,-0.16224053639452252,2,1.4949962951840328,-1.078731701822119
383,3,-0.7541762136990424,-0.2903737911416904,2,1.604037306280684,-1.2141348323658407
384,3,-0.3346361028514574,-0.35111393858449613,2,1.813664638118254,-0.6803033189352905
385,3,-0.8552766252438647,-0.30996252425259074,2,1.3577418604554419,-1.0091210085747155
386,3,-0.879962899981213,-0.3247763503054968,2,1.1864263567886155,-1.4721473439590849
387,3,-1.635313545325952,-0.21768464774758178,2,1.1450039418261382,-1.6893237637660083
388,3,-1.6119812059281653,-0.23430566139949272,2,0.7562613578079852,-1.7796916352486443
389,3,-2.406838495013635,-0.0006422315869980544,1,0.4074200924828274,-2.2004743049242954
390,3,-2.02907657806037,-0.007813568019219064,2,0.8425005251748441,-1.94660516368174
391,3,-1.7318236540971526,-0.41205788667031684,2,1.0366070559622798,-1.5892058664186481
392,3,-1.950277227773854,-0.19585750670379665,1,0.6662163711210795,-1.9071411623669268
393,3,-1.3189460285917018,-0.5854157358940846,2,1.281300377011014,-1.879864629923738
394,3,-1.8189340375640255,-0.35438642277067967,2,1.320508559782249,-1.5595982208186732
395,3,-1.3569184529896017,0.009782452069593717,2,1.6286519151631136,-1.033017743741763
396,3,-0.7360423477204996,0.2545216585849388,2,1.40963813112753,-0.7738975601341185
397,3,-0.2751272988248929,0.1962435955135975,2,1.944440950215734,-0.4380494571639041
398,3,-0.4748393683780482,-0.17122690212164438,2,2.219251212957091,0.46525472583092164
399,3,-0.4980695852989867,-0.3129032419025204,2,2.1514635896867227,-0.17305234339181874
400,3,-0.38823536460717156,-0.0034051155131205046,2,1.9189526457243398,-0.20556263338160763
401,3,0.02392690151805993,0.07269069598917977,2,2.0653182995651296,-0.10127951701471738
402,3,0.4672502685852161,0.29754600042624024,2,1.351416990224596,-0.8845960824092782
403,3,0.6071600264733026,-0.11596519065648114,2,2.0968135797846825,-0.9688668329697964
404,3,-0.2655724759953686,-0.07672886837736348,2,1.8900954793288256,-1.6031424933977765
405,3,-1.3628360599351286,0.16163139300093987,2,0.7476840205876595,-2.2381531120704343
406,3,-1.607515816765552,0.39537113748294694,2,0.9838403983010513,-2.2696387207365594
407,3,-1.2366409106472287,0.5094913156974763,2,1.4728255285928664,-2.0095170394121573
408,3,-0.6486334085103422,0.48537108204438106,2,1.5787598958902807,-1.6327942888122102
409,3,-0.5136006974036278,0.22228844429268668,2,1.5117994360560536,-1.1678420322436192
410,3,-0.8451049114871649,0.10843401017727117,2,1.9767080372501717,-1.1776884545699835
411,3,-1.0309237784384404,-0.17680132926604952,2,2.4044801833860543,-1.0068833179673375
412,3,-1.2783721542173754,-0.3542635142440598,2,2.084242326911139,-0.8559193049453009
413,3,-0.6184548322769824,-0.09515403254200461,2,2.3122613930597904,-0.3180983211216155
414,3,-0.2653407087377678,-0.18388033626241995,2,2.3157230117773544,-0.7820905367293101
415,3,-0.07178526004536911,-0.18880340331047085,2,2.229024429643457,-1.1903545184766222
416,3,-0.07037370531050069,-0.06643351646521678,2,2.414370444833854,-2.008047627784369
417,3,-0.22808266149202705,0.06738595545945225,2,2.4592777473675635,-2.057493054935336
418,3,0.6316533993802047,0.3283822604717481,2,1.7581665948058236,-2.3499319252346673
419,3,0.662836178766506,0.5679546865717602,2,1.3386375364071288,-2.1710182692096733
420,4,1.2096845218440353,0.607036181300928,2,1.98253953960322,-1.9596910871050466
421,4,0.9855483168412449,0.8268953883933925,2,1.4704611575681086,-1.9689050885244277
422,4,0.8373754780788196,0.8016933187837473,2,1.41749298978237,-1.6036850732384207
423,3,0.6541123575050823,0.5789152198409562,2,1.7531259292531802,-1.1440695222386945
424,4,1.006229646873901,0.7043739362255113,2,1.8478080117654117,-0.8150104249450343
425,4,1.1871169692224366,0.6884528377667982,2,1.8312767637637317,-0.4078693610699065
426,3,0.21044263864437807,0.3523986254696495,2,2.327928041935083,-0.15887448408360094
427,3,0.04130147933189718,0.07752926482917577,2,1.6931469176053793,-0.7839239609983587
428,3,-0.44118417783670116,-0.37559357818011363,2,1.8406533021237088,-0.80231489197467
429,3,-0.7110273508876108,-0.22457394706483813,2,1.5913898183124615,-1.206998706692836
430,3,-0.8567110477955825,-0.17011941212080206,2,1.695804216080845,-1.1179877312396451
431,3,-0.22509801878367103,0.17853427022721835,2,1.7279986483516865,-2.071198585457781
432,3,-0.38865425384871854,-0.2645768408337348,2,1.3136748405993737,-2.3055736090806644
433,3,-0.4148188424259164,-0.15177810736221464,2,0.8662727496381792,-2.595204362817106
434,3,-0.4260989968236668,0.08770020184976968,2,1.3147727920432206,-1.7498930361202156
435,3,0.06424517510192565,0.28162614212994486,2,1.2815997275509237,-1.1784453772516346
436,3,-0.17342061273477538,0.18060991945672655,2,1.3306571726387464,-0.958230058437313
437,3,-0.5538529793883927,0.29216755448944376,2,0.9842254138894934,-1.108827509137448
438,3,-1.535465974403211,0.31601348111095284,3,0.534194783448088,-0.6767643977883949
439,3,-1.9727914569718115,0.6124087773135115,3,0.44166968013676866,-0.831888594879325
440,3,-0.835898273547122,0.9589095812851844,2,0.96937525768543,-1.205860299690193
441,3,-1.0701003587775664,0.5149876391024465,2,1.4822381055449845,-1.2206808647250242
442,3,-0.8413406694604673,0.5806783927056697,2,1.6512582082063862,-1.0068218678895926
443,3,-0.6230113878711568,0.38146897868471785,2,1.7695795352372647,-1.4693313105510142
444,3,0.13712180431770565,-0.056889911736273335,2,2.4994104620613347,-0.7363180764292183
445,3,0.5142245449828392,0.007596093276197702,2,2.326542153039967,-0.7376165809313051
446,3,0.9566511556652524,-0.27475604108515705,2,2.762678271779755,-0.45380632692382933
447,5,1.3069491909807083,-0.358891129830777,2,3.385869562777261,-0.13372417100870412
448,3,0.7183901247804544,-0.7478126898645057,2,2.971126033514995,-0.2654731054155057
449,3,0.5485790540097346,-0.29493559106657163,2,1.7041563535377102,-0.7689899721011257
450,3,0.6551982729011003,-0.2619549664460752,2,1.4958576976994573,-0.976018804411701
451,5,1.0006672089053392,0.11339514877626522,2,0.7987084527128724,-1.5921111269893276
452,3,-0.19623846300730435,0.2907686230809543,1,-0.028895255378231566,-2.194541475290826
453,3,-0.39337440809052016,0.31752748392074825,1,-0.05065972929761631,-2.6920336870806167
454,3,-1.0825909133812819,0.0440749490377792,1,-0.04487511116687837,-2.9619548713460766
455,3,-1.7111792641630725,0.244549990399078,1,-0.08859085782355947,-3.167485039089324
456,3,-1.6572042449994404,0.6618035865991494,1,-0.2783265971448494,-3.2512887930991825
457,3,-1.5020898782485859,0.8062951387659121,1,-0.11214050274687071,-3.1299721551521307
458,3,-1.365914915755726,0.7453491840566595,1,-0.39955192621572744,-3.368734053141357
459,3,-1.0119966994231044,0.4768711484646979,1,-0.3750429889221534,-3.5004613545244294
460,3,-0.9584777628098204,0.17091312504217226,1,0.22287732299905905,-2.8316974496806586
461,3,-0.08807699592399021,0.22984883986575833,2,1.0287006406018742,-2.306121292741638
462,3,0.27276920550069467,0.5333009883378748,2,1.708210524287419,-1.828634578000901
463,3,0.9224132311968829,0.4687149903915111,2,1.4949074417194002,-2.099768617788121
464,3,0.662909379068154,0.27825737532210126,2,1.6537117279938696,-1.839849420022437
465,3,0.7309619800391831,0.12639929109971093,2,2.6777038908158337,-1.1939043087562076
466,3,0.4149181614871966,-0.017087470389197223,2,3.066081646642184,-1.1530811687828046
467,3,0.4980599299745597,0.08440898565517108,2,3.3317783326518167,-0.9692157962138793
468,3,-0.08665569746993906,0.0324816963200143,2,3.0209103333789002,-1.2768052454093504
469,3,-0.30651019859578665,0.003708836395739157,2,3.1536666373305335,-0.9546403569759938
470,3,-0.37365507681890364,0.12021445192840563,2,2.5874547863428687,-1.092702802182748
471,3,-0.41189087114940637,0.32001217194541653,2,2.6170853095221585,-0.7626390199148176
472,3,0.0625576920753187,0.11956302735039881,2,2.358381103593233,-0.4612673484492543
473,3,-0.051893205007021326,0.02861265870539853,2,1.4529879431686952,-1.4646540134669421
474,3,-0.279598399630751,0.46657316595349785,1,0.8488913372654436,-2.551086361800815
475,3,-0.4955658513170498,0.4129292175659479,2,0.9390351122159317,-2.2355135252728355
476,3,-0.009247334418882147,0.3381492796373169,2,1.037744260291257,-2.3323253708324527
477,3,-0.29246338784349024,0.3852185513618559,1,0.7104550310245631,-2.5560090312800186
478,3,-0.585503885428555,0.08274758174850638,2,1.4647130964145112,-2.4587933464007286
479,3,-0.5232890845325245,-0.05740274545085744,2,1.2790041837351138,-3.0664371742340757
480,3,-0.5491515973100345,0.49189452868882255,2,1.2988694151127569,-2.9336574469763903
481,3,-0.3700650389438347,0.30261228311413924,2,1.6828374291130426,-2.57201628631038
482,3,-0.4733404603570856,0.1080982265393513,2,2.3711235901559835,-1.2683471691328239
483,3,-0.4953628849265327,0.23811074724611542,2,2.3385468266282627,-1.3713831211694236
484,3,-0.5487171378189257,0.10810807202355077,2,2.24699537828078,-1.4831860904035112
485,3,-0.49333580497785534,-0.08467942827771047,2,2.3647031753573806,-0.7970529952204755
486,3,0.04233961626947571,0.5077575414719426,2,2.2477481466928593,-0.18275881776493957
487,3,-0.3080356669136367,0.3517886320109393,2,2.1060820010363437,-0.4083066071741582
488,3,-0.786563173405122,0.014065729105039892,2,2.3619755092958767,-0.6768492079457045
489,3,-0.5204558250075898,0.11620799826512246,2,2.7011555474074065,-0.018537075384006507
490,3,-0.6170867970638235,-0.05147055254871474,2,1.7615151466700245,-0.28565841738890585
491,3,-0.22461745597066735,-0.1384621578511992,2,2.006537171053594,-0.22535140937275017
492,3,-0.3212454460155641,0.020842047847803025,2,1.9029223832205493,-0.016108437158030287
493,3,-0.511271618727863,0.038015651274292794,2,1.634068687586494,-0.192395977169185
494,3,-0.5205044766031687,0.003367136897631018,2,1.6845124473801447,-0.10043762204101156
495,3,-0.26634912807458594,0.049984205009551086,2,1.8847928630060697,0.07155896522885768
496,3,0.45077426558725686,-0.15292718991174176,2,2.1543633855297135,0.49375222718294015
497,3,0.5769796114529394,-0.20121814846984393,2,1.894340454328717,0.5210711504619842
498,3,0.29837978969490286,-0.058665009036649673,2,1.3357589969797494,-0.03171840086292615
499,3,0.5245712644753137,0.16364278958593526,2,1.483548092144174,-0.1489409654715495
500,3,0.7963628376007248,0.37217609159647735,2,1.0063722703595852,0.21603126718834398
501,3,0.7066872969669259,0.2689157467425132,3,0.42816255440600703,0.22823575466452406
502,5,1.0313859277981248,0.25479430639926415,3,0.36097878182105325,-0.03860740914195826
503,5,1.4974318358751089,0.2268325599933262,3,0.29331140468502026,-0.15720940611667977
504,5,1.5600759892484404,0.5033874730986377,3,0.1580855973806059,-0.1430279704069557
505,5,1.6732011727588694,0.5790527952412554,4,0.18833126343709283,-0.6112696621594094
506,5,2.0343323009022845,0.5980777143437752,4,0.5999804306844567,-0.19555227259755004
507,5,2.3773536904247914,0.8394341267495795,2,0.5532908374324126,-0.8687353258593518
508,4,2.700688489240354,0.2571214014620222,2,1.037542135864091,-1.1178858207822369
509,4,2.984016143428913,0.8666724176061805,2,1.2313706740616972,-1.262032158472012
510,4,2.4244000292409087,0.7618346074747266,2,1.2301023973391514,-1.6741099482932607
511,4,2.070102483450086,0.7168700668027043,2,1.386591734212901,-1.7746309403454759
512,4,1.5313401996754554,1.0621815895749545,2,1.3931638533735105,-1.5125479789942502
513,4,1.2424872812700745,0.6892865133796182,2,0.7915782344487658,-1.93016637409677
514,4,1.4669443712978185,0.5000989190432477,1,0.41270736037586087,-2.232317769696161
515,4,1.23806014298947,0.13200993089066482,1,-0.11473073342271944,-3.064440490522611
516,4,1.012535902290713,0.017320292175611707,1,0.5316654391338476,-2.997118350246007
517,4,1.209307994118404,-0.350462643900721,2,1.1917110091913696,-3.0574999820206052
518,4,1.0547412276197348,-0.1596963310126709,1,0.7727825716045043,-3.1285523317480513
519,4,1.245236919476378,-0.566733787898799,1,0.4576733873162011,-3.297209476429396
520,4,1.489959344070027,-0.736539195913809,1,0.08919777150865227,-3.846186066790202
521,4,1.72768470669844,-0.83711259857591,1,0.7684399445139078,-4.089581859557143
522,4,1.856218975936857,-0.8797373150559943,1,0.6940581849955083,-4.432545257079548
523,4,1.3318705139895806,-0.680405271195565,1,0.646233422405988,-3.6365244621500663
524,4,0.8284512900752501,-0.7922219809060604,1,0.399144648001188,-3.3767342981982855
525,4,0.747554150886822,-0.7649013752507003,1,-0.03055764963287122,-3.6475362094223494
526,4,1.0087536423652648,-0.8294855499040881,1,0.07263205102986015,-3.362978493861463
527,4,0.8804098159771021,-0.6976957870343075,1,0.3293889980552229,-3.083599605536288
528,4,0.838765148713223,-0.5860113865609466,1,0.22375407651349888,-3.0504636962665517
529,4,0.6337559886151403,-0.1836601327477808,1,0.11736251467440662,-2.7059359757653105
530,4,-0.019525344156626268,-0.15007775918238064,1,0.4691563083311667,-2.59637122034597
531,4,-0.16486796673774384,0.07307613868779472,1,0.12715042609092442,-2.55340452582785
532,4,0.1410153480538623,0.4565868309124689,1,0.03018731083009185,-3.2801971262094503
533,4,0.30886830172758584,0.33184681295750484,1,-0.13878660938875798,-3.1561872314005632
534,4,-0.09456722560329545,0.0629712753774232,1,-0.22202871046561468,-3.080934315275337
535,4,0.5959237398377825,0.2366290009008143,1,0.3720221372315249,-2.9097894158311277
536,4,0.3625949193020084,-0.39024224671526375,1,0.23114468415106604,-3.154607461872834
537,4,0.6379456362838912,-0.48863479687624434,1,0.1277422889983495,-3.3942576725475306
538,4,1.1539597495153475,-1.0532797777720386,1,0.44034125514409306,-3.652523743953629
539,4,1.0439288497159989,-1.2086899480991038,1,0.05732846779611567,-3.905722434693635
540,4,0.6268436638025867,-0.9113656843298363,1,0.09111360723306206,-3.763604073812199
541,4,0.6583706234528239,-0.8744942371188902,1,0.2266287954371129,-4.167694607952606
542,4,0.5382303738988359,-1.5164908881314973,1,-0.09244163721046439,-3.505104432192024
543,4,0.32819285003938226,-1.3826664122488959,1,0.3863112741811099,-3.3489645532789836
544,4,0.2899320991005173,-1.4394939922001964,1,0.5563828427373645,-3.124063565650812
545,4,0.2087290124921245,-1.3827383625522356,2,0.947988196276059,-2.6033099439229903
546,4,0.5069091826539563,-1.3442938469357184,2,1.2834389949184923,-2.0351535551333635
547,4,0.03899169625006643,-1.1580810074366297,2,1.2152035137922732,-2.078081093785292
548,4,0.0321024306240828,-1.028081219293624,2,1.1500817948678985,-2.4934370879179157
549,4,0.028479838401937185,-0.36118149778413433,2,1.1273580677051482,-3.1758943508862023
550,4,-0.06351556244305577,-0.09398546865503069,1,0.9656926447154001,-3.2797231507521425
551,4,-0.09162456436207096,0.38380501921575333,1,0.4946862336252314,-3.250968248438256
552,4,0.009988144541405466,0.7099898034293992,1,0.3097327131617862,-3.0481876273395763
553,1,-0.11308447298937738,1.1604549354294402,1,0.125986863298037,-2.849272469960949
554,1,-0.08887401277251211,1.3285488979311113,1,0.3597109665101077,-2.6995202095203434
555,1,0.20837172580160554,1.4950406817979598,1,0.46357611829506157,-2.3833403510723548
556,4,0.7951526226105456,1.2063852437705413,1,0.5839918736402069,-2.42659722000941
557,1,0.7943598377094573,1.5323186797880717,1,0.5163860984982956,-2.3641030262371157
558,1,0.8432779515396991,1.587175989762763,1,0.37386581178169676,-2.4333116210251093
559,1,0.8308875920989127,1.5180742806135819,1,0.3143452818473287,-2.528528445449056
560,4,1.0423362360885826,1.3743919998316763,1,0.3918675715048239,-2.380647183503252
561,4,0.9521255311250774,1.161626235737806,1,0.5863628196634237,-2.4729286522495886
562,4,0.9030945013193128,1.1369364836823663,1,0.3950263109307617,-2.326156982183042
563,4,1.2099733113993443,1.0587058877984532,1,0.6464285986181132,-2.3458896396050304
564,4,0.8661070270105528,1.2385663601321062,1,0.6515245347649641,-2.141806527804977
565,1,0.46887165728811375,1.4218566965014474,1,0.6854726305859549,-2.11720494434112
566,3,0.5240233793618604,1.1556653939232282,2,0.8081457059857405,-2.094371027164314
567,4,0.6821694233952329,1.1848693895678069,2,0.7966887879100899,-2.30339724375063
568,4,0.661718635142788,1.1374961826314394,1,0.6865658026572943,-2.760952011119545
569,1,0.8133181676113801,1.3483555334152184,1,0.8087452211689875,-2.694905695508054
570,1,0.9302166041725168,1.5302254711890053,1,0.8331039233400306,-2.841714097333072
571,1,1.1102844665334113,1.5919206774509638,1,0.8774657208597925,-3.0213101491871464
572,4,0.8927071823530023,1.4426910951858098,1,0.7631212237517309,-2.698819532119479
573,4,0.8511874780044376,1.318123744795352,1,0.45434600799961855,-2.8374170102913903
574,4,0.9921078129550063,1.3937871500490915,1,0.444974347850963,-2.578980435356079
575,4,0.993994067308523,0.9949417344345113,1,0.5525606616887898,-2.8021180179019805
576,4,1.013731641427534,0.9974555765501107,1,0.2154838888823285,-3.1980452752158386
577,4,1.0519282590007006,1.1581636865771092,1,0.3759005325263083,-2.4174230617280505
578,4,0.9769874985538056,1.0924407247194101,1,0.20414231514157422,-2.748898958426613
579,4,0.9728012348827351,1.1542750772591293,1,-0.23134254924461883,-2.819018484345702
580,4,1.0161813694862607,1.2194062719880465,1,0.09464730192275117,-2.5443356908501658
581,4,0.8324266285787087,1.188286614189083,1,0.41939281766768266,-1.8133544961592125
582,1,0.5775915636558492,1.241395832488176,1,0.18492673568974705,-2.1779930999336092
583,1,0.8164339853685382,1.6701882876341925,1,0.10263327035470216,-2.1969472177385447
584,1,0.6141695872481644,1.8390593724746043,1,0.20548154792025608,-1.7391377512846218
585,1,0.6180068084743164,1.7786764847973033,1,0.509795795431689,-1.8163432671614423
586,1,0.9973343750331567,1.797244347260634,2,0.980018448318491,-1.2588904625795074
587,1,0.37891619258166503,1.787052311861404,2,1.0074228522687938,-1.0896398088219363
588,1,0.39032668878290533,1.977233173096387,2,0.7400897151905486,-1.5582364981256038
589,1,0.5889547465608491,2.132792141240141,2,0.8257099876224425,-1.7580602891955932
590,1,0.4298263639953125,2.211987921714758,2,0.8908437192425338,-1.5562550702015852
591,1,0.5072877802412491,2.169676110469644,2,0.9932852061818138,-1.0557565867336591
592,1,0.4038122306371479,1.9613289983837443,2,0.9108207501336578,-1.453650892348572
593,1,0.30179374832513406,1.6038583062648133,2,1.1169677337765154,-1.493402874028096
594,1,0.21941660184142808,1.4601706188349786,2,0.8932453563726437,-1.5015849738675
595,1,0.12083154120305206,1.5625587084457828,1,0.6370987690136583,-2.079078752173614
596,1,0.2973530895069609,1.3627700724720988,2,0.7174102995838778,-2.120743650461672
597,1,0.1786484540725365,1.2392362600602351,2,0.8686000099421067,-1.9542456238064498
598,1,0.1474392091248149,1.0550149009997698,1,0.6629451991460463,-2.2052048040136656
599,4,0.1900740501724527,1.0533355628876646,1,0.5061562510304308,-2.4297737151191665
600,1,0.24335620254208395,1.207203795028727,1,0.6588034073597474,-2.2750670209182036
601,1,0.35987480487048723,1.4819462487254715,2,0.8818194724496504,-1.786436270050183
602,1,0.3622237592340981,1.5830363249368347,2,0.9263897061216558,-1.7248741826152152
603,1,0.5659095046149942,1.616975898963518,2,1.0522721114897413,-1.6581428733075532
604,1,0.27850769328175695,1.3774588309277505,2,1.4549085474474603,-1.6337327851343875
605,1,0.5558894783339544,1.5376044282425432,2,1.304455614326561,-1.5912397381782983
606,1,0.3926623549882383,1.5128009172907384,2,1.4424881528218916,-1.2000431163751375
607,1,-0.1107138282020742,1.449075882430534,2,1.212581878042202,-0.7854974572336699
608,3,-0.6517556069247744,0.8419861701769293,2,0.9661543980187386,-0.4621252249934802
609,3,-0.47706384737260266,0.7869237940730618,3,0.7237551646418628,-0.5976035850037638
610,3,-0.9503116926287453,0.30220831863475106,1,0.010087233086211178,-1.1432846830932473
611,3,-1.0870547813210556,0.3045114916368421,1,-0.20581158871003025,-0.8696944759579134
612,2,-1.322867919400257,0.17123357280798746,1,-0.6177742849444672,-0.8810139610047457
613,2,-1.6061455228573451,-0.0051892068138887915,1,-1.0116457460366173,-0.7124990811884118
614,2,-2.0111637604877237,-0.17257277096009616,1,-1.621184333660737,-0.7417007245341479
615,2,-2.2508061872018947,-0.7368507508309429,1,-1.7182544728347335,-1.4529646714073534
616,2,-1.9896247744149722,-0.8348027540590757,1,-1.7761487381027745,-1.8245543561749924
617,2,-2.187366515438979,-0.93106758339388,1,-1.4567659352990465,-1.7010723436542936
618,2,-2.4690241370872434,-1.177246415674012,1,-1.523528610979735,-1.7935276383724121
619,2,-2.1680180511415554,-1.017128025312029,1,-1.6144801771546813,-2.034830298301514
620,2,-2.3583337609928856,-1.062147740961065,1,-1.653067807080351,-2.404117628737427
621,2,-2.5401034928560797,-1.1959212888030648,1,-1.3464047677478415,-2.184610063349181
622,2,-2.4538560064357884,-1.2618212648366232,1,-1.0586446346338596,-2.1652262141976815
623,2,-2.3334370763521193,-1.100083158198111,1,-0.21182097979808878,-1.5440905991931173
624,2,-1.8414775386021698,-0.8760693484111504,1,0.023197479376390495,-1.781112659832601
625,3,-1.9709665138079906,-0.9698661606418666,1,0.23152471195146895,-1.4146411375139065
626,3,-1.843947172621054,-0.9654661013620132,1,0.5684739906232834,-1.4292660539264468
627,3,-1.484014941295224,-0.7580158993148531,2,0.9735629962859281,-1.781980585447225
628,3,-1.3740158841992325,-0.45155318791783516,2,1.4942057668569733,-1.6186165265329482
629,3,-1.4650621716845202,-0.4597896550947844,2,1.7320857890379269,-1.649270939442593
630,3,-1.3353178451596386,-0.16138659246739717,2,1.938181620700659,-1.091046012608644
631,3,-1.2126055390193846,-0.2539778461359161,2,1.7629045640803813,-1.4120445338277237
632,3,-1.098988307991657,-0.336193901933596,2,1.6857253359633955,-1.6191488424775804
633,3,-0.9362703285443724,-0.32695839585461095,2,1.2726265049670533,-2.0649429623769544
634,3,-1.0431638498462772,-0.38552714571286506,2,0.9405749561322487,-2.196536117150928
635,3,-1.1356576458991712,-0.2773956446460806,2,0.8032212109651032,-2.0989331981543997
636,2,-1.3135134405682363,-0.3221858753906026,1,0.7043972743305114,-2.380787275889221
637,2,-1.382737152605816,-0.30742475546103876,1,0.16942293034574663,-2.192789008132057
638,2,-1.3520175241516865,-0.279366693323011,1,0.17066633013273247,-2.1259695185385374
639,2,-1.299893793310602,-0.3944160870822273,1,-0.017797949136183266,-2.4930080545262157
640,2,-1.2704253881750374,-0.22478327431748513,1,0.0436952640331425,-2.155198591095278
641,2,-1.2164814770326842,0.1253869607821816,1,0.0680095793948885,-2.025349868772406
642,3,-1.1116736325056058,0.17375386951055605,1,0.12219636789559396,-1.863390878145218
643,3,-1.0030670377301727,0.5672879224937519,1,-0.07968890280149266,-1.6985023303898985
644,3,-0.9439882025100285,0.6029797946182831,1,0.10221060769527446,-1.5303459597272493
645,3,-0.5278275037535951,0.5923103750551224,1,0.193381285801141,-1.2173103626672273
646,4,-0.4861045160978008,0.3890193917057907,2,0.7377952286766908,-1.1367910767383773
647,4,-0.583219100592943,0.09488723137348298,1,0.47798932597488264,-1.5442635476908428
648,4,-0.8312762852881013,-0.09865805371677605,2,0.927058782076834,-1.4637795395949873
649,4,-0.9161997504967234,-0.17414917153330967,2,0.8946193507880336,-1.5975421522398592
650,2,-1.0605173114426498,-0.08935017226159925,2,0.7854631730985906,-1.7086633777111493
651,2,-1.1290972125663978,-0.257335523645116,2,1.0029303197065413,-2.0284248521745134
652,2,-1.122831150741756,-0.29539583246906265,2,1.1388444469339352,-2.0657281774635377
653,2,-1.1158885802589786,-0.10787797597677828,1,0.8071903121818875,-2.4759687675082436
654,3,-1.5876526156863933,0.1451899711573832,1,0.43992752050369743,-3.1876626748125214
655,3,-1.3926017398669632,0.515223561669627,1,0.386086102671239,-3.116442427273189
656,3,-1.3747722373567304,0.890469333823511,1,-0.3875714556551826,-3.2034692162428984
657,1,-1.4368493123098252,1.188674583244191,1,-0.8451106564297886,-3.3338801819594552
658,1,-1.4757725246615023,1.367447973247978,1,-0.8647555393118447,-2.717704269926529
659,3,-1.449215587368723,1.129101267229733,1,-1.2105445865356326,-2.6727744474050743
660,3,-1.4218385668774602,0.9134319625556548,1,-1.0614365718965704,-2.4821637441710354
661,2,-1.1055162893030261,0.6596345149424345,1,-0.7672831418129586,-1.8322141549855249
662,3,-1.0704267365514393,0.7125356875887459,1,-0.7411793217417479,-1.5723460584726006
663,2,-0.9015236274931728,0.5071156242454178,1,-0.40595003234747495,-1.0265834387180703
664,2,-0.6843309800912695,0.4374293485585148,4,-0.3002795704856245,-0.6697894172142189
665,2,-0.7168941422255823,0.3738318480142011,4,-0.3187870745471091,-0.6608213536199232
666,2,-0.7973843134810779,0.47395654206008153,1,-0.6722900373543201,-1.521553094483125
667,2,-0.7378068249208048,0.3521029561322977,1,-0.9563671546946306,-1.866029916416267
668,2,-0.7198872264829135,0.3523346016790678,1,-1.2208886074214045,-1.994214736934371
669,2,-0.9810047992726958,-0.11452365367826367,1,-1.4302867765159446,-2.4525457102704156
670,2,-0.998393340536605,-0.17574445588635612,1,-1.5779591988315138,-2.8624801367248125
671,2,-1.2779018546667027,-0.5099322747367954,1,-1.247925998812175,-2.642581808484219
672,2,-0.9401586490069588,-0.4486789715387154,1,-1.2070877183778566,-2.5707617778001666
673,2,-1.180139106299303,-0.827298115546153,1,-1.299253396283489,-2.080459472614738
674,2,-1.4054810059692304,-0.3940409469220958,1,-1.248864335177976,-1.4959202273105385
675,2,-1.435920494997621,-0.3236565679082961,1,-1.0501511270833985,-1.613726044467909
676,2,-1.5589916442726763,0.04887861286165407,1,-0.8166883097638928,-1.5920452016634632
677,3,-1.6068275976831625,0.3911866738511258,1,-0.5651872643640572,-1.4542527516428672
678,3,-1.5672443315211342,0.6952103066540234,1,-0.7850035958611901,-1.6916303314332048
679,3,-1.3435621369720296,0.8885644746308996,1,-1.5652159808855721,-1.9885056045394527
680,3,-1.172019652972336,1.0967794255654786,1,-1.4182278752882491,-2.0098475928129336
681,1,-0.7206852420878058,1.0965958874868384,1,-1.0714149623514628,-1.8725173515526505
682,2,-0.783507840688248,0.810706940375248,1,-1.0773611281747175,-2.6950553364593635
683,2,-0.6600528638429943,0.6678001414572636,1,-1.263225784883283,-2.9345636296875504
684,1,-0.5136194442662138,0.6567348306783025,1,-1.3474128304806512,-3.202766587546493
685,4,-0.36707315095956883,0.6683208894303061,1,-1.2237126307250912,-3.0006695435193427
686,1,-0.21356307768554506,0.8923921248900248,1,-1.0342389519557111,-2.877412804348457
687,1,-0.10067632905362589,1.1478010246740502,1,-0.5144106993950077,-3.017918909685827
688,1,-0.22982512001923772,1.1906369879751453,1,-0.6737171170004872,-3.37686429382418
689,1,-0.6973830352557477,1.3780027004675963,1,-0.9079087614199939,-3.6676632427559404
690,1,-0.44673054912039567,1.9463005506341653,1,-0.9053755531355914,-3.50033207390082
691,1,-0.5727880468446079,2.1527793650759057,1,-0.6248899065320925,-3.3108896175341274
692,1,-0.6722891422716422,2.2263254889254567,1,-0.8258925782535689,-3.1253506805042006
693,1,-0.5677232133957779,2.170890556868362,1,-0.7528162564514909,-3.201381611026913
694,1,-0.6099855946887038,2.068614174659051,1,-1.0027311449398646,-3.2350545230212213
695,1,-0.5862275036666096,2.0105452507454697,1,-1.1706670907712577,-2.9591041386175583
696,1,-0.5895696694053856,1.8652772326529101,1,-1.1738337467816014,-2.7450679288241453
697,1,-0.4377505408653088,1.7067866390673139,1,-1.4642090655758342,-2.8509685983004256
698,1,-0.3635233537769087,1.4722381945721033,1,-1.686783187120301,-2.9085194110528167
699,1,-0.3926784453368608,1.222865959489143,1,-1.8456314889603693,-2.4801916560666557
700,2,-0.3217100512093658,0.8483836398960125,1,-2.033433445925314,-2.430577095510423
701,2,-0.46054016424296346,0.379424259948665,1,-1.9312029499188366,-2.2462093453778706
702,2,-0.6353703470908384,0.553747052777271,1,-1.6393637918748716,-2.02046252099911
703,2,-0.8968896600023802,1.0256125278558121,1,-1.8794740501558636,-2.412874603323255
704,1,-0.7086346338020219,0.9740887916333576,1,-1.7305151329721105,-2.298895543984155
705,1,-1.0000851885147015,0.9926547797386234,1,-1.6525570659293192,-2.175692997382477
706,2,-1.0814395720286096,0.7276847518566549,1,-1.351538948075731,-2.248297450469357
707,2,-1.23041746554981,0.7342860854259674,1,-1.3110863146667322,-2.576270126313638
708,2,-1.1807482387380948,0.6938405114132449,1,-1.6189686041690041,-3.2721886260197346
709,1,-0.6964957081324826,0.9566247961577514,1,-1.4503642490084205,-3.359185893401498
710,1,-0.1978305711969427,0.9811134947335851,1,-2.02831429124331,-3.5595250595280477
711,4,0.08338236587485115,0.6331944466553963,1,-1.651636335413895,-3.038084830470503
712,4,0.10791332094683048,0.30990642985054917,1,-1.7429052721786604,-3.092609133750189
713,4,0.05949193970198141,0.44985799113350167,1,-1.4206206905519456,-2.7785171855457804
714,1,0.1582658921164663,1.0514862580609912,1,-1.2920594416365652,-2.632703449170422
715,1,0.14092437313250739,1.464491925872165,1,-1.0713209592080732,-2.143584788397172
716,1,0.3037912612391759,1.9721033365445728,1,-0.6193207212404577,-1.8163475956595918
717,1,-0.15329708915846774,1.9302464875220777,1,-0.23682134984456082,-1.6130085614861516
718,1,-0.2953870295228196,1.7122185425064584,1,0.08119811186672288,-1.5706686756666626
719,1,-0.5345856085728732,1.8862354255084726,1,0.582733320113427,-1.8339997153879841
720,1,-0.9300783163917609,2.244328621349144,1,0.5409969214999337,-1.7450242467763113
721,1,-1.072672444915966,2.0865880858447845,1,0.5929406539523114,-2.04689668155413
722,1,-1.0335122006831368,1.8702752783999221,1,0.2937875561710841,-2.221192505153494
723,1,-1.0715710812013755,1.8487695402943252,1,0.29836548944857966,-2.5861074011216942
724,1,-1.1796520575461509,1.7315926572029512,1,0.31272313738459556,-2.583103675449806
725,1,-1.375545012737414,1.6531944746148541,1,0.31782034231126044,-2.726187804330932
726,1,-1.3725671278337517,1.895122749145656,1,-0.20612059880458555,-2.72041770410296
727,1,-1.2757571205750606,1.8690864409165995,1,-0.545391460752308,-2.296228895420195
728,1,-1.0873611341340206,1.5805625752988677,1,-0.5793369460051547,-2.3247063376638284
729,1,-0.6424384731407196,1.5703335833061605,1,-0.5842021089823433,-2.429009383150558
730,1,-0.5687892537891399,1.5014200611755792,1,-0.7191335097681226,-2.378521599148721
731,1,-0.472133598169033,1.219751829989677,1,-0.6506019818625934,-2.102397742266179
732,1,-0.3948788664730606,1.0478802205614492,1,-1.0114558910825637,-2.040519583347677
733,2,-0.42904770458781916,0.5025652147697985,1,-1.3037317059817979,-1.8911676090219702
734,2,-0.1974992932983018,0.19599501227766103,1,-1.6198093140632053,-1.919721807986494
735,2,-0.18591668611044782,-0.08563537535388521,1,-1.3502094451737614,-2.513511281541213
